1,0.3728813559322034
2,0.3389830508474576
3,0.2966101694915254
4,0.2966101694915254
5,0.2542372881355932
6,0.2796610169491525
7,0.2457627118644068
8,0.2711864406779661
9,0.2542372881355932
10,0.3050847457627119
11,0.3050847457627119
12,0.2966101694915254
13,0.2966101694915254
14,0.3220338983050847
15,0.2796610169491525
16,0.3474576271186441
17,0.3644067796610169
18,0.3220338983050847
19,0.3220338983050847
20,0.4067796610169492
21,0.3220338983050847
22,0.3728813559322034
23,0.3559322033898305
24,0.3474576271186441
25,0.3813559322033898
26,0.3983050847457627
27,0.423728813559322
28,0.4406779661016949
29,0.4152542372881356
30,0.423728813559322
31,0.3728813559322034
32,0.4576271186440678
33,0.4152542372881356
34,0.4406779661016949
35,0.4661016949152542
36,0.4661016949152542
37,0.4576271186440678
38,0.4915254237288136
39,0.4406779661016949
40,0.5
41,0.4322033898305085
42,0.4830508474576271
43,0.4576271186440678
44,0.5
45,0.5423728813559322
46,0.5254237288135594
47,0.4406779661016949
48,0.5169491525423728
49,0.5
